A 2 3 4 5 6 7 10 14 19 23 29 30 31 32 33 34
Ą 2 3 4 5 6 7 10 14 19 23 25 26 29 30 31 32 33 34
B 1 2 3 4 5 6 7 10 13 16 19 22 25 29 30 32 33
C 2 3 4 5 6 10 16 19 25 29 33
Ć 2 3 4 5 6 10 16 18 19 25 27 29 33
D 1 2 3 4 5 6 7 10 16 19 25 29 30 31 32 33
E 1 2 3 4 5 6 7 10 13 16 19 22 25 28 34
Ę 1 2 3 4 5 6 7 10 13 16 19 22 25 26 28 34
F 1 2 3 4 5 6 7 10 13 19 22 28
G 2 3 4 5 6 10 16 19 23 25 29 32 33
H 1 2 3 4 5 6 7 13 22 28 29 30 31 32 33 34
I 1 7 10 11 12 13 14 15 16 19 25
J 5 6 16 25 28 29 30 31 32 33
K 1 2 3 4 5 6 7 13 21 23 28 29 33 34
L 1 2 3 4 5 6 7 16 25 34
Ł 5 10 11 12 13 14 15 16 25 34 43
M 1 2 3 4 5 6 7 11 21 29 37 38 39 40 41 42 43
N 1 2 3 4 5 6 7 11 21 28 29 30 31 32 33 34
O 2 3 4 5 6 10 16 19 25 29 30 31 32 33
Ó 2 3 4 5 6 10 16 18 19 25 27 29 30 31 32 33
P 1 2 3 4 5 6 7 10 13 19 22 29 30
Q 2 3 4 5 6 10 16 19 24 29 30 31 32 34
R 1 2 3 4 5 6 7 10 13 19 22 29 30 32 33 34
S 2 3 6 10 13 16 19 22 25 29 32 33
Ś 2 3 6 10 13 16 18 19 22 25 27 29 32 33
T 1 10 11 12 13 14 15 16 19
U 1 2 3 4 5 6 16 25 28 29 30 31 32 33
V 1 2 3 4 5 15 25 33 37 38 39 40 41
W 1 2 3 4 5 6 16 23 24 34 37 38 39 40 41 42
X 1 2 6 7 12 14 22 30 32 37 38 42 43
Y 1 2 3 13 22 23 24 25 28 29 30
Z 1 5 6 7 10 13 16 19 22 25 28 29 30 34
Ż 1 5 6 7 9 10 13 16 19 22 25 28 29 30 34
Ź 1 5 6 7 9 10 13 16 18 19 22 25 28 29 30 34
a 6 12 14 16 21 23 25 31 32 33 34
ą 6 12 14 16 21 23 25 31 32 33 34 35
b 1 2 3 4 5 6 7 13 16 22 25 32 33
c 4 5 6 12 16 21 25 31 33
ć 4 5 6 12 16 20 21 25 29 31 33
d 5 6 13 16 22 25 28 29 30 31 32 33 34
e 4 5 6 12 14 16 21 23 25 31 32 34
ę 4 5 6 8 12 14 16 17 21 23 25 31 32 34
f 2 3 4 5 6 7 10 13 19 22 29
g 4 5 12 15 17 21 24 26 30 31 32 33 34
h 1 2 3 4 5 6 7 13 22 32 33 34
i 1 3 4 5 6 7
j 7 17 19 21 22 23 24 25
k 1 2 3 4 5 6 7 14 23 30 31 33 34
l 1 2 3 4 5 6 16
ł 5 10 11 12 13 14 15 22 25
m 3 4 5 6 7 12 21 22 23 24 25 30 40 41 42 43
n 3 4 5 6 7 12 21 31 32 33 34
ń 3 4 5 6 7 12 21 28 29 31 32 33 34
o 4 5 6 12 16 21 25 31 32 33
o 4 5 6 12 16 20 21 25 29 31 32 33
p 4 5 6 7 8 12 15 21 24 31 32
q 4 5 12 15 21 24 31 32 33 34 35
r 3 4 5 6 7 13 21 30
s 4 7 12 14 16 21 23 25 30 33
ś 4 7 12 14 16 19 20 21 23 25 30 33
t 3 10 11 12 13 14 15 21 25 33
u 3 4 5 6 16 25 30 31 32 33 34
v 3 4 5 15 25 30 31 32 33
w 3 4 5 6 16 24 34 39 40 41 42
x 3 7 13 15 23 31 33 39 43
y 3 4 5 15 17 24 26 30 31 32 33 34
z 3 6 7 12 14 16 21 23 25 30 31 34
ż 3 6 7 10 12 14 16 21 23 25 30 31 34
ź 3 6 7 12 14 16 20 21 23 25 28 30 31 34
1 2 7 10 11 12 13 14 15 16 25
2 2 6 7 10 14 16 19 22 25 29 30 34
3 2 6 10 13 16 19 22 25 29 30 32 33
4 3 4 11 13 19 22 28 29 30 31 32 33 34
5 1 2 3 7 10 12 16 19 21 25 28 31 32 33
6 3 4 5 6 11 13 16 19 22 25 32 33
7 1 10 14 15 16 19 22 28 29 30
8 2 3 5 6 10 13 16 19 22 25 29 30 32 33
9 2 3 10 13 16 19 22 24 29 30 31 32
0 2 3 4 5 6 10 14 16 19 22 25 29 30 31 32 33
? 2 10 14 16 19 22 29 30
! 1 2 3 4 5 7
. 7
, 7 15
: 3 6
( 2 3 4 5 6 10 16
) 1 7 11 12 13 14 15
[ 0 1 2 3 4 5 6 7 8 9 17
] 0 8 9 10 11 12 13 14 15 16 17
- 4 13 22
+ 4 12 13 14 22
= 3 5 12 14 21 23
< 1 2 3 4 5 6 7 13 21 22 23 29 30 31 32 33 37 38 39 40 41 42 43
> 1 2 3 4 5 6 7 10 11 12 13 14 15 16 20 21 22 23 24 30 31 32 40
| 1 2 3 4 5 6 7 10 11 12 13 14 15 16 28 29 30 31 32 33 34 37 38 39 40 41 42 43
@ 3 11 12 19 20 21 22 23 24 25 29 30 39
# 4 13 20 21 22 23 24 30 31 32 40
$ 5 14 15 19 20 21 22 23 24 25 32 33 41
% 4 12 13 14 20 21 22 23 24 31 40
/ 15 16 21 22 23 28 29
^ 1 2 3 5 11 12 15 19 21 24 28 33 38 39 40 41
& 2 3 4 5 10 15 19 21 24 29 30 33 37 38 39 41
` 0 1 2 3 4 5 6 7 8 9 13 17 18 19 20 24 25 26 27 31 35 36 37 38 39 40 41 42 43 44